8
1
90
2
3
7
3
1
4
8
1 2 80 1000
1 3 83 1000
1 4 55 1000
1 5 5 10
1 6 57 48
1 7 200 1000
1 8 200 1000
2 1 80 1000
2 3 52 1000
2 4 49 1000
2 5 200 1000
2 6 200 1000
2 7 200 1000
2 8 200 1000
3 1 83 1000
3 2 52 1000
3 4 10 1000
3 5 200 1000
3 6 200 1000
3 7 50 1000
3 8 200 1000
4 1 55 1000
4 2 49 1000
4 3 10 1000
4 5 59 1000
4 6 200 1000
4 7 200 1000
4 8 200 1000
5 1 5 10
5 2 200 1000
5 3 200 1000
5 4 59 1000
5 6 6 34
5 7 200 1000
5 8 200 1000
6 1 57 48
6 2 200 1000
6 3 200 1000
6 4 200 1000
6 5 6 34
6 7 94 1000
6 8 200 1000
7 1 200 1000
7 2 200 1000
7 3 50 1000
7 4 200 1000
7 5 200 1000
7 6 94 1000
7 8 17 1000
8 1 200 1000
8 2 200 1000
8 3 200 1000
8 4 200 1000
8 5 200 1000
8 6 200 1000
8 7 17 1000
